5
3
2
13
11
10
7
6
4
29
27
26
23
22
20
15
14
12
8
61
59
58
55
54
52
47
46
44
31
30
28
24
125
123
122
119
118
116
111
110
108
95
94
92
63
62
60
56
253
251
250
247
239
238
236
223
222
220
191
190
188
127
126
124
120
509
507
506
503
502
500
494
479
478
476
447
446
444
383
382
380
255
254
248
1021
1019
1018
1015
1014
1012
1007
1006
1004
991
988
959
958
956
895
767
766
764
511
510
508
2045
2043
2042
2039
2038
2036
2031
2030
2028
2015
2014
2012
1983
1982
1980
1919
1918
1916
1791
1790
1788
1535
1534
1532
1023
1022
1020
1016
4093
4091
4090
4087
4086
4084
4079
4078
4076
4063
4062
4060
4031
4030
4028
3967
3966
3964
3839
3838
3836
3583
3582
3580
3071
3070
3068
2047
2046
2044
2040
8180
8175
8174
8159
8158
8126
8063
8062
8060
7935
7934
7932
7679
7678
7676
7167
7166
6143
6142
6140
4095
4094
4092
4088
16381
16379
16378
16374
16372
16367
16366
16364
16351
16348
16319
16318
16316
16124
15871
15870
15868
15359
15358
14335
14334
14332
12287
12286
12284
32765
32763
32762
32759
32758
32756
32751
32748
32735
32734
32732
32703
32702
32700
32639
32638
32636
32511
32508
32255
32254
32252
31743
31742
31740
30716
28671
28670
28668
16383
16382
16380
16376
65527
65526
65524
65519
65518
65516
65471
65470
65407
65279
65278
65276
64511
64510
64508
57343
57342
57340
49151
49150
49148
32767
32766
32764
32760
131069
131066
131063
131062
131055
131054
131052
131039
131038
131036
130943
130942
130940
130814
130812
130559
130558
130047
130046
130044
129023
129022
129020
122876
114687
114686
114684
98303
98302
98300
65528
262141
262139
262138
262135
262132
262127
262126
262124
262111
262110
262108
262079
262078
262076
262015
262012
261887
261886
261628
261116
260095
258047
258046
258044
229374
229372
131071
131070
131068
524285
524283
524282
524279
524278
524276
524271
524270
524268
524255
524254
524252
524222
524220
524031
524030
524028
523775
523774
523772
522239
522238
522236
520190
516095
516094
516092
507902
262142
262140
262136
1048571
1048570
1048567
1048559
1048558
1048543
1048542
1048540
1048511
1048510
1048508
1048447
1048444
1047551
1047548
1046527
1046524
1040383
1040380
1032191
1032190
1032188
1015807
1015806
983039
983038
983036
917503
917502
786428
524287
524284
524280
2097149
2097143
2097142
2097134
2097132
2097116
2097087
2097086
2097084
2097023
2097022
2088959
2088958
1572863
1572862
1048568
4194301
4192255
4192252
4190207
4190206
4190204
4161535
4161534
4161532
4128767
4128766
4128764
3932159
3932158
2097151
2097148
8388602
8388599
8388598
8388590
8388575
8388574
8388572
8388350
8323070
8257535
8257534
8257532
7864319
7864318
7864316
7340030
7340028
6291455
6291454
4194302
16769023
16769022
16769020
16760831
16760830
16760828
12582908
33292286
32505854
66584574
66584572
65011711
62914559
62914558
1073741821
1073741819
1073741818
1073741804
1073741791
1040187391
1040187388
2147483645
2147483642
2147483636
2147483615
2147483614
2147483582
2147483519
2147483518
2147483516
2147483391
2147483390
2147481599
2147481598
2147481596
2147479550
2147475455
2147475454
2147475452
2147467263
2147467262
2147450876
2147352574
2147352572
2146959359
2146959358
2146959356
2145386492
1879048191
1073741822
-2
-4
-5
-8
-9
-11
-17
-19
-23
-35
-39
-47
-71
-79
-95
-143
-159
-191
-287
-319
-383
-575
-639
-767
-1151
-1279
-1535
-2303
-2559
-3071
-4607
-5119
-6143
-9215
-12287
-18431
-36863
-49151
-98303
-147455
-294911
-327679
-1179647
-1310719
-1572863
-2621439
-4718591
-6291455
-18874367
-20971519
-83886079
2147483647
2147483645
2147483641
-1
-3
-4
-7
-8
-10
-15
-18
-22
-31
-38
-46
-63
-78
-94
-127
-158
-190
-255
-318
-382
-511
-638
-766
-1023
-1278
-1534
-2047
-2558
-3070
-4095
-6142
-10238
-12286
-16383
-32767
-40958
-49150
-98302
-131071
-524287
-655358
-1572862
-2097151
-2621438
-6291454
-83886078
-2147483647
2147483642
0
-1
-3
-7
-15
-31
-63
-127
-255
-511
-1023
-2047
-4095
-16383
-32767
-131071
-524287
-2097151
-2147483647
1
-1
-2
-5
-6
-8
-13
-14
-20
-29
-30
-44
-61
-62
-92
-125
-126
-188
-253
-254
-380
-509
-510
-764
-1021
-1022
-1532
-2045
-2046
-3068
-4093
-4094
-6140
-12284
-16381
-16382
-32765
-32766
-49148
-98300
-131069
-131070
-262141
-262142
-524285
-786428
-2097149
-4194301
-4194302
-12582908
-1073741821
-1073741822
-2147483645
2147483644
2147483636
2
1
-1
-5
-13
-29
-61
-125
-253
-509
-1021
-2045
-4093
-16381
-32765
-131069
-262141
-524285
-2097149
-4194301
-1073741821
-2147483645
1
0
-2
-6
-14
-30
-62
-126
-254
-510
-1022
-2046
-4094
-16382
-32766
-131070
-262142
-4194302
-1073741822
1
5
3
2
-1
-2
-4
-9
-10
-12
-25
-26
-28
-57
-58
-60
-121
-122
-124
-250
-505
-506
-508
-1017
-1018
-1020
-2041
-2042
-2044
-4089
-4090
-4092
-16377
-16378
-16380
-32761
-32762
-32764
-131065
-131066
-131068
-262137
-262138
-262140
-524281
-524282
-524284
-1048570
-2097148
-8388601
-8388602
-1073741818
-2147483641
-2147483642
-2147483644
6
5
3
-1
-9
-25
-57
-121
-505
-1017
-2041
-4089
-16377
-32761
-131065
-262137
-524281
-8388601
-2147483641
5
4
2
-2
-10
-26
-58
-122
-250
-506
-1018
-2042
-4090
-16378
-32762
-131066
-262138
-524282
-1048570
-8388602
-1073741818
-2147483642
5
3
2
0
-4
-12
-28
-60
-124
-508
-1020
-2044
-4092
-16380
-32764
-131068
-262140
-524284
-2097148
-2147483644
3
2
13
11
10
7
6
4
-1
-2
-4
-8
-17
-18
-20
-24
-49
-50
-52
-56
-113
-114
-116
-120
-241
-242
-248
-497
-498
-500
-1009
-1010
-1012
-1016
-2033
-2034
-2036
-2040
-4081
-4082
-4084
-4088
-8177
-8178
-8180
-16369
-16370
-16372
-16376
-32753
-32754
-32756
-32760
-65521
-65522
-65524
-65528
-131057
-262129
-262130
-262132
-262136
-524273
-524274
-524276
-524280
-1048561
-1048562
-1048568
-2097137
-2097138
-8388593
-2147483636
14
13
11
7
-1
-17
-49
-113
-241
-497
-1009
-2033
-4081
-8177
-16369
-32753
-65521
-131057
-262129
-524273
-1048561
-2097137
-8388593
13
12
10
6
-2
-18
-50
-114
-242
-498
-1010
-2034
-4082
-8178
-16370
-32754
-65522
-262130
-524274
-1048562
-2097138
13
11
10
8
4
-4
-20
-52
-116
-500
-1012
-2036
-4084
-8180
-16372
-32756
-65524
-262132
-524276
-2147483636
11
10
7
6
4
0
-8
-24
-56
-120
-248
-1016
-2040
-4088
-16376
-32760
-65528
-262136
-524280
-1048568
7
6
4
29
27
26
23
22
20
15
14
12
8
-1
-2
-4
-8
30
29
27
23
15
-1
29
28
26
22
14
-2
29
27
26
24
20
12
-4
27
26
23
22
20
8
-8
23
22
20
15
14
12
8
0
15
14
12
8
61
59
58
55
54
52
47
46
44
31
30
28
24
-1
-2
-4
-8
62
61
59
55
47
31
-1
61
60
58
54
46
30
-2
61
59
58
56
52
44
28
-4
59
58
55
54
52
24
-8
55
54
52
47
46
44
47
46
44
31
30
28
24
0
31
30
28
24
125
123
122
119
118
116
111
110
108
95
94
92
63
62
60
56
-1
-2
-4
-8
126
125
123
119
111
95
63
-1
125
124
122
118
110
94
62
-2
125
123
122
120
116
108
92
60
-4
123
122
119
118
116
56
-8
119
118
116
111
110
108
111
110
108
95
94
92
95
94
92
63
62
60
56
0
63
62
60
56
253
251
250
247
239
238
236
223
222
220
191
190
188
127
126
124
120
-1
-2
-4
-8
254
253
251
247
239
223
191
127
-1
253
250
238
222
190
126
-2
253
251
250
248
236
220
188
124
-4
251
250
247
120
-8
247
239
238
236
239
238
236
223
222
220
223
222
220
191
190
188
191
190
188
127
126
124
120
0
127
126
124
120
509
507
506
503
502
500
494
479
478
476
447
446
444
383
382
380
255
254
248
-1
-2
-4
-8
510
509
507
503
479
447
383
255
-1
509
508
506
502
494
478
446
382
254
-2
509
507
506
500
476
444
380
-4
507
506
503
502
500
248
-8
503
502
500
494
494
479
478
476
479
478
476
447
446
444
447
446
444
383
382
380
383
382
380
255
254
248
0
255
254
248
1021
1019
1018
1015
1014
1012
1007
1006
1004
991
988
959
958
956
895
767
766
764
511
510
508
-1
-2
-4
-8
1022
1021
1019
1015
1007
991
959
895
767
511
-1
1021
1020
1018
1014
1006
958
766
510
-2
1021
1019
1018
1016
1012
1004
988
956
764
508
-4
1019
1018
1015
1014
1012
-8
1015
1014
1012
1007
1006
1004
1007
1006
1004
991
988
991
988
959
958
956
959
958
956
895
895
767
766
764
767
766
764
511
510
508
0
511
510
508
2045
2043
2042
2039
2038
2036
2031
2030
2028
2015
2014
2012
1983
1982
1980
1919
1918
1916
1791
1790
1788
1535
1534
1532
1023
1022
1020
1016
-1
-2
-4
-8
2046
2045
2043
2039
2031
2015
1983
1919
1791
1535
1023
-1
2045
2044
2042
2038
2030
2014
1982
1918
1790
1534
1022
-2
2045
2043
2042
2040
2036
2028
2012
1980
1916
1788
1532
1020
-4
2043
2042
2039
2038
2036
1016
-8
2039
2038
2036
2031
2030
2028
2031
2030
2028
2015
2014
2012
2015
2014
2012
1983
1982
1980
1983
1982
1980
1919
1918
1916
1919
1918
1916
1791
1790
1788
1791
1790
1788
1535
1534
1532
1535
1534
1532
1023
1022
1020
1016
0
1023
1022
1020
1016
4093
4091
4090
4087
4086
4084
4079
4078
4076
4063
4062
4060
4031
4030
4028
3967
3966
3964
3839
3838
3836
3583
3582
3580
3071
3070
3068
2047
2046
2044
2040
-1
-2
-4
-8
4094
4093
4091
4087
4079
4063
4031
3967
3839
3583
3071
2047
-1
4093
4092
4090
4086
4078
4062
4030
3966
3838
3582
3070
2046
-2
4093
4091
4090
4088
4084
4076
4060
4028
3964
3836
3580
3068
2044
-4
4091
4090
4087
4086
4084
2040
-8
4087
4086
4084
4079
4078
4076
4079
4078
4076
4063
4062
4060
4063
4062
4060
4031
4030
4028
4031
4030
4028
3967
3966
3964
3967
3966
3964
3839
3838
3836
3839
3838
3836
3583
3582
3580
3583
3582
3580
3071
3070
3068
3071
3070
3068
2047
2046
2044
2040
0
2047
2046
2044
2040
8180
8175
8174
8159
8158
8126
8063
8062
8060
7935
7934
7932
7679
7678
7676
7167
7166
6143
6142
6140
4095
4094
4092
4088
-1
-2
-4
-8
8175
8159
8063
7935
7679
7167
6143
4095
-1
8174
8158
8126
8062
7934
7678
7166
6142
4094
-2
8180
8060
7932
7676
6140
4092
-4
8180
4088
-8
8180
8175
8174
8175
8174
8159
8158
8159
8158
8126
8126
8063
8062
8060
8063
8062
8060
7935
7934
7932
7935
7934
7932
7679
7678
7676
7679
7678
7676
7167
7166
7167
7166
6143
6142
6140
6143
6142
6140
4095
4094
4092
4088
0
4095
4094
4092
4088
16381
16379
16378
16374
16372
16367
16366
16364
16351
16348
16319
16318
16316
16124
15871
15870
15868
15359
15358
14335
14334
14332
12287
12286
12284
-1
-2
-4
-8
16382
16381
16379
16367
16351
16319
15871
15359
14335
12287
-1
16381
16380
16378
16374
16366
16318
15870
15358
14334
12286
-2
16381
16379
16378
16376
16372
16364
16348
16316
16124
15868
14332
12284
-4
16379
16378
16374
16372
-8
16374
16372
16367
16366
16364
16367
16366
16364
16351
16348
16351
16348
16319
16318
16316
16319
16318
16316
16124
16124
15871
15870
15868
15871
15870
15868
15359
15358
15359
15358
14335
14334
14332
14335
14334
14332
12287
12286
12284
12287
12286
12284
0
32765
32763
32762
32759
32758
32756
32751
32748
32735
32734
32732
32703
32702
32700
32639
32638
32636
32511
32508
32255
32254
32252
31743
31742
31740
30716
28671
28670
28668
16383
16382
16380
16376
-1
-2
-4
-8
32766
32765
32763
32759
32751
32735
32703
32639
32511
32255
31743
28671
16383
-1
32765
32764
32762
32758
32734
32702
32638
32254
31742
28670
16382
-2
32765
32763
32762
32760
32756
32748
32732
32700
32636
32508
32252
31740
30716
28668
16380
-4
32763
32762
32759
32758
32756
16376
-8
32759
32758
32756
32751
32748
32751
32748
32735
32734
32732
32735
32734
32732
32703
32702
32700
32703
32702
32700
32639
32638
32636
32639
32638
32636
32511
32508
32511
32508
32255
32254
32252
32255
32254
32252
31743
31742
31740
31743
31742
31740
30716
30716
28671
28670
28668
28671
28670
28668
16383
16382
16380
16376
0
16383
16382
16380
16376
65527
65526
65524
65519
65518
65516
65471
65470
65407
65279
65278
65276
64511
64510
64508
57343
57342
57340
49151
49150
49148
32767
32766
32764
32760
-1
-2
-4
-8
65527
65519
65471
65407
65279
64511
57343
49151
32767
-1
65526
65518
65470
65278
64510
57342
49150
32766
-2
65528
65524
65516
65276
64508
57340
49148
32764
-4
65527
65526
65524
32760
-8
65527
65526
65524
65519
65518
65516
65519
65518
65516
65471
65470
65471
65470
65407
65407
65279
65278
65276
65279
65278
65276
64511
64510
64508
64511
64510
64508
57343
57342
57340
57343
57342
57340
49151
49150
49148
49151
49150
49148
32767
32766
32764
32760
0
32767
32766
32764
32760
131069
131066
131063
131062
131055
131054
131052
131039
131038
131036
130943
130942
130940
130814
130812
130559
130558
130047
130046
130044
129023
129022
129020
122876
114687
114686
114684
98303
98302
98300
65528
-1
-2
-4
-8
131070
131069
131063
131055
131039
130943
130559
130047
129023
114687
98303
-1
131069
131068
131066
131062
131054
131038
130942
130814
130558
130046
129022
114686
98302
-2
131069
131066
131052
131036
130940
130812
130044
129020
122876
114684
98300
-4
131066
131063
131062
65528
-8
131063
131062
131055
131054
131052
131055
131054
131052
131039
131038
131036
131039
131038
131036
130943
130942
130940
130943
130942
130940
130814
130812
130814
130812
130559
130558
130559
130558
130047
130046
130044
130047
130046
130044
129023
129022
129020
129023
129022
129020
122876
122876
114687
114686
114684
114687
114686
114684
98303
98302
98300
98303
98302
98300
65528
0
65528
262141
262139
262138
262135
262132
262127
262126
262124
262111
262110
262108
262079
262078
262076
262015
262012
261887
261886
261628
261116
260095
258047
258046
258044
229374
229372
131071
131070
131068
-1
-2
-4
-8
262142
262141
262139
262135
262127
262111
262079
262015
261887
260095
258047
131071
-1
262141
262140
262138
262126
262110
262078
261886
258046
229374
131070
-2
262141
262139
262138
262136
262132
262124
262108
262076
262012
261628
261116
258044
229372
131068
-4
262139
262138
262135
262132
-8
262135
262132
262127
262126
262124
262127
262126
262124
262111
262110
262108
262111
262110
262108
262079
262078
262076
262079
262078
262076
262015
262012
262015
262012
261887
261886
261887
261886
261628
261628
261116
261116
260095
260095
258047
258046
258044
258047
258046
258044
229374
229372
229374
229372
131071
131070
131068
0
131071
131070
131068
524285
524283
524282
524279
524278
524276
524271
524270
524268
524255
524254
524252
524222
524220
524031
524030
524028
523775
523774
523772
522239
522238
522236
520190
516095
516094
516092
507902
262142
262140
262136
-1
-2
-4
-8
524285
524283
524279
524271
524255
524031
523775
522239
516095
-1
524285
524284
524282
524278
524270
524254
524222
524030
523774
522238
520190
516094
507902
262142
-2
524285
524283
524282
524280
524276
524268
524252
524220
524028
523772
522236
516092
262140
-4
524283
524282
524279
524278
524276
262136
-8
524279
524278
524276
524271
524270
524268
524271
524270
524268
524255
524254
524252
524255
524254
524252
524222
524220
524222
524220
524031
524030
524028
524031
524030
524028
523775
523774
523772
523775
523774
523772
522239
522238
522236
522239
522238
522236
520190
520190
516095
516094
516092
516095
516094
516092
507902
507902
262142
262140
262136
0
262142
262140
262136
1048571
1048570
1048567
1048559
1048558
1048543
1048542
1048540
1048511
1048510
1048508
1048447
1048444
1047551
1047548
1046527
1046524
1040383
1040380
1032191
1032190
1032188
1015807
1015806
983039
983038
983036
917503
917502
786428
524287
524284
524280
-1
-2
-4
-8
1048571
1048567
1048559
1048543
1048511
1048447
1047551
1046527
1040383
1032191
1015807
983039
917503
524287
-1
1048570
1048558
1048542
1048510
1032190
1015806
983038
917502
-2
1048571
1048570
1048568
1048540
1048508
1048444
1047548
1046524
1040380
1032188
983036
786428
524284
-4
1048571
1048570
1048567
524280
-8
1048567
1048559
1048558
1048559
1048558
1048543
1048542
1048540
1048543
1048542
1048540
1048511
1048510
1048508
1048511
1048510
1048508
1048447
1048444
1048447
1048444
1047551
1047548
1047551
1047548
1046527
1046524
1046527
1046524
1040383
1040380
1040383
1040380
1032191
1032190
1032188
1032191
1032190
1032188
1015807
1015806
1015807
1015806
983039
983038
983036
983039
983038
983036
917503
917502
917503
917502
786428
786428
524287
524284
524280
0
524287
524284
524280
2097149
2097143
2097142
2097134
2097132
2097116
2097087
2097086
2097084
2097023
2097022
2088959
2088958
1572863
1572862
1048568
-1
-2
-4
-8
2097149
2097143
2097087
2097023
2088959
1572863
-1
2097149
2097148
2097142
2097134
2097086
2097022
2088958
1572862
-2
2097149
2097132
2097116
2097084
-4
2097143
2097142
1048568
-8
2097143
2097142
2097134
2097132
2097134
2097132
2097116
2097116
2097087
2097086
2097084
2097087
2097086
2097084
2097023
2097022
2097023
2097022
2088959
2088958
2088959
2088958
1572863
1572862
1572863
1572862
1048568
0
1048568
4194301
4192255
4192252
4190207
4190206
4190204
4161535
4161534
4161532
4128767
4128766
4128764
3932159
3932158
2097151
2097148
-1
-2
-4
-8
4194302
4194301
4192255
4190207
4161535
4128767
3932159
2097151
-1
4194301
4190206
4161534
4128766
3932158
-2
4194301
4192252
4190204
4161532
4128764
2097148
-4
-8
4192255
4192252
4192255
4192252
4190207
4190206
4190204
4190207
4190206
4190204
4161535
4161534
4161532
4161535
4161534
4161532
4128767
4128766
4128764
4128767
4128766
4128764
3932159
3932158
3932159
3932158
2097151
2097148
0
2097151
2097148
8388602
8388599
8388598
8388590
8388575
8388574
8388572
8388350
8323070
8257535
8257534
8257532
7864319
7864318
7864316
7340030
7340028
6291455
6291454
4194302
-1
-2
-4
-8
8388599
8388575
8257535
7864319
6291455
-1
8388602
8388598
8388590
8388574
8388350
8323070
8257534
7864318
7340030
6291454
4194302
-2
8388602
8388572
8257532
7864316
7340028
-4
8388602
8388599
8388598
-8
8388599
8388598
8388590
8388590
8388575
8388574
8388572
8388575
8388574
8388572
8388350
8388350
8323070
8323070
8257535
8257534
8257532
8257535
8257534
8257532
7864319
7864318
7864316
7864319
7864318
7864316
7340030
7340028
7340030
7340028
6291455
6291454
6291455
6291454
4194302
0
4194302
16769023
16769022
16769020
16760831
16760830
16760828
12582908
-1
-2
-4
-8
16769023
16760831
-1
16769022
16760830
-2
16769020
16760828
12582908
-4
-8
16769023
16769022
16769020
16769023
16769022
16769020
16760831
16760830
16760828
16760831
16760830
16760828
12582908
12582908
0
33292286
32505854
-1
-2
-4
-8
-1
33292286
32505854
-2
-4
-8
33292286
33292286
32505854
32505854
0
66584574
66584572
65011711
62914559
62914558
-1
-2
-4
-8
65011711
62914559
-1
66584574
62914558
-2
66584572
-4
-8
66584574
66584572
66584574
66584572
65011711
65011711
62914559
62914558
62914559
62914558
0
-1
-2
-4
-8
-1
-2
-4
-8
0
-1
-2
-4
-8
-1
-2
-4
-8
0
